#
# User Data Request: BEA: Without Required
# AVP Data-Reference
#
02 80 00 00 01 01 00 00 f4 c0 00 01 32 01 00
00 01 11 9f 70 d0 c3 30 00 d0 00 00 01 07 40 00
00 19 62 65 61 31 3b 31 31 34 35 39 30 37 37 30
30 3b 30 00 00 00 00 00 01 04 40 00 00 20 00 00
01 0a 40 00 00 0c 00 00 28 af 00 00 01 02 40 00
00 0c 01 00 00 01 00 00 01 15 40 00 00 0c 00 00
00 01 00 00 01 08 40 00 00 0c 62 65 61 31 00 00
01 28 40 00 00 14 69 6e 74 65 72 6e 61 6c 2e 6e
65 74 00 00 01 1b 40 00 00 14 69 6e 74 65 72 6e
61 6c 2e 6e 65 74 00 00 02 bc c0 00 00 2c 00 00
28 af 00 00 02 59 c0 00 00 1d 00 00 28 af 66 72
65 64 40 69 6e 74 65 72 6e 61 6c 2e 6e 65 74 00
00 00 00 00 01 25 40 00 00 0c 77 69 6e 64 00 00
01 16 40 00 00 0c 44 4d 29 f5 00 00 02 bf c0 00
00 10 00 00 28 af 00 00 00 00 00 00 02 c0 c0 00
00 0f 00 00 28 af 46 6f 6f 00

#
#
#



